$ANSIBLE_VAULT;1.1;AES256
35376530353435316663663032626436623435626566363433356139393733656362386163643266
3762613530373435623966616362343537303932303530650a353635393261613764666431623733
38363161333063656263383462346463356163386338636463336566383239303462356134373464
6432353763636130390a373264303065646334653231656135363432303164383439623664323135
38356433366134633335613632396661313731326231356433303065636166623539303135303338
39666462323131353164303135623361366438383432613562656165653262303335343866396639
39623834643232636438656130303862333137316636616232386637633461653633346231646365
31383263656535613665396365633039306536633037333235346337353431376166316465616430
30373065633034626537376438333364666466663535303265616435353562303334633231613166
36656261666465326662356661363037333363646134623662653866393033373139346237623533
62323764363136393834616134353534306638383438343336343436386231396439626161373639
66356534656565356163323333313763316166326533306533656630363931306261636638653130
62356436396161383663326232316433363436336236356630386638353737316437326431636666
3137646536393161323937303433653866393234376431363664
